0 0.7467308044433594 0.4012516438961029 0.04339008405804634 0.11962958425283432
0 0.21323958039283752 0.5833045244216919 0.0515531525015831 0.18516641855239868
0 0.3979155421257019 0.48787152767181396 0.034070394933223724 0.1662726253271103
0 0.3470989763736725 0.4812299907207489 0.050612736493349075 0.16395345330238342
0 0.8943151235580444 0.5178806781768799 0.03793029859662056 0.15856340527534485
0 0.31122466921806335 0.4035539925098419 0.03904695436358452 0.14122752845287323
0 0.49437415599823 0.45837628841400146 0.03796186298131943 0.16016224026679993
0 0.15415321290493011 0.3691832721233368 0.03325038030743599 0.1198035329580307
0 0.6955965757369995 0.40539923310279846 0.03548488765954971 0.11319732666015625
0 0.1961713433265686 0.34274452924728394 0.022984998300671577 0.10618811845779419
0 0.5279370546340942 0.36546698212623596 0.022426415234804153 0.12333492934703827
0 0.022661516442894936 0.5245441794395447 0.04422875493764877 0.17366866767406464
0 0.39264237880706787 0.2812689244747162 0.016692670062184334 0.07129547744989395
0 0.0514446385204792 0.5458322167396545 0.03990156576037407 0.16238299012184143
0 0.5555950403213501 0.3036941587924957 0.01748841628432274 0.0805780217051506
0 0.42334097623825073 0.29378634691238403 0.014889526180922985 0.06699716299772263
