0 0.7258278131484985 0.5963868498802185 0.016826819628477097 0.08820885419845581
0 0.016091488301753998 0.7577904462814331 0.01661521941423416 0.06690029799938202
0 0.4304419457912445 0.5500855445861816 0.013976097106933594 0.05296512320637703
0 0.5654789209365845 0.49060380458831787 0.018952559679746628 0.08462626487016678
0 0.7901936173439026 0.47147247195243835 0.01331176795065403 0.053459394723176956
0 0.6212570071220398 0.6025552153587341 0.014214706607162952 0.0704362690448761
0 0.4753524959087372 0.5294948816299438 0.01839141920208931 0.06945088505744934
0 0.969387948513031 0.6482551693916321 0.013696098700165749 0.07185792922973633
0 0.865000307559967 0.4851139783859253 0.014336204156279564 0.05869869515299797
0 0.6530413031578064 0.44810691475868225 0.019823646172881126 0.08992382884025574
