0 0.6962289810180664 0.9413838982582092 0.019749069586396217 0.08921248465776443
0 0.4195113182067871 0.6135227680206299 0.015374946407973766 0.05670013278722763
0 0.2638508081436157 0.5007343292236328 0.01722176931798458 0.06476016342639923
0 0.5712087750434875 0.9665529727935791 0.019773483276367188 0.05884433165192604
0 0.8184289932250977 0.9200347661972046 0.022317122668027878 0.0836598128080368
0 0.39539381861686707 0.5916215777397156 0.01273202896118164 0.05820956826210022
0 0.28644701838493347 0.40596991777420044 0.014925893396139145 0.06453467160463333
0 0.5723515748977661 0.48731034994125366 0.011601829901337624 0.05776485800743103
0 0.5053246021270752 0.6163999438285828 0.02164774015545845 0.05093332752585411
0 0.3359741270542145 0.515805721282959 0.015412425622344017 0.06157413125038147
0 0.7933782935142517 0.5219292640686035 0.015309905633330345 0.061747629195451736
0 0.37756893038749695 0.3649972677230835 0.013803291134536266 0.0507795549929142
