0 0.4167715907096863 0.8459984660148621 0.064997099339962 0.30520930886268616
0 0.02142864651978016 0.48401182889938354 0.04285001382231712 0.2177484929561615
0 0.5562177300453186 0.4769435226917267 0.043685149401426315 0.18902382254600525
0 0.29809141159057617 0.4791160225868225 0.05412483215332031 0.1992897093296051
0 0.7548606991767883 0.5650936365127563 0.047275226563215256 0.2189873605966568
0 0.24646882712841034 0.33922576904296875 0.03418455272912979 0.13082334399223328
0 0.6732674241065979 0.27704933285713196 0.02231292799115181 0.1275634765625
0 0.12591685354709625 0.31410181522369385 0.03640090674161911 0.1380995512008667
0 0.7489023208618164 0.30492597818374634 0.025954818353056908 0.12775260210037231
0 0.5345585942268372 0.4040021002292633 0.0358765609562397 0.15926918387413025
0 0.3427300751209259 0.30060020089149475 0.024701150134205818 0.13829408586025238
0 0.4504600465297699 0.2565053403377533 0.052754782140254974 0.10511152446269989
