0 0.19212253391742706 0.5892072319984436 0.05774768069386482 0.17571671307086945
0 0.5224846005439758 0.5056279897689819 0.027246857061982155 0.14974959194660187
0 0.1540813446044922 0.464554101228714 0.025427324697375298 0.13498857617378235
0 0.33286052942276 0.5105674862861633 0.027860896661877632 0.1521196961402893
0 0.430312842130661 0.6574540138244629 0.04269599914550781 0.20692093670368195
0 0.6740441918373108 0.46717512607574463 0.03947652131319046 0.1169450581073761
0 0.5692107081413269 0.46989497542381287 0.03654651716351509 0.12178545445203781
0 0.9116121530532837 0.5539137125015259 0.04442024230957031 0.17136210203170776
0 0.9430338740348816 0.5440092086791992 0.05242862552404404 0.18526218831539154
0 0.37179824709892273 0.5817961692810059 0.03797636181116104 0.18643058836460114
0 0.9101690053939819 0.44877883791923523 0.031092071905732155 0.10115907341241837
0 0.4677494168281555 0.41166746616363525 0.02678070031106472 0.1468460112810135
0 0.3783324062824249 0.4469853639602661 0.020765971392393112 0.12525703012943268
