0 0.8275552988052368 0.49907174706459045 0.021779632195830345 0.10656772553920746
0 0.7269821763038635 0.5109714269638062 0.02048644982278347 0.1064453125
0 0.16753914952278137 0.5589474439620972 0.036597903817892075 0.10963711142539978
0 0.6966390013694763 0.3340967893600464 0.01987132988870144 0.08931875973939896
0 0.39415207505226135 0.713733971118927 0.04193646088242531 0.11617261916399002
0 0.531507134437561 0.7678403854370117 0.03837067261338234 0.16052889823913574
0 0.48432454466819763 0.6202850937843323 0.027272796258330345 0.11281614005565643
0 0.5031343698501587 0.31252655386924744 0.02845287322998047 0.0824367105960846
0 0.37977200746536255 0.57411128282547 0.02290019951760769 0.10588480532169342
0 0.4237004220485687 0.19773432612419128 0.014443588443100452 0.06525921076536179
0 0.290633887052536 0.491098016500473 0.03205089643597603 0.10020935535430908
0 0.6502099633216858 0.39140966534614563 0.02000528946518898 0.08667009323835373
0 0.6076172590255737 0.33242061734199524 0.02246704138815403 0.0909949392080307
0 0.7794462442398071 0.2797856330871582 0.019308853894472122 0.08927921950817108
0 0.6648712158203125 0.34730127453804016 0.019644547253847122 0.08081232756376266
0 0.33002185821533203 0.38958117365837097 0.020146941766142845 0.08356959372758865
0 0.3578892648220062 0.3713792562484741 0.019624138250947 0.06830986589193344
0 0.5512939691543579 0.6458843350410461 0.032911237329244614 0.10529841482639313
