0 0.5400851964950562 0.5753898620605469 0.042919985949993134 0.21607615053653717
0 0.9512192010879517 0.5420979857444763 0.06708507239818573 0.22235393524169922
0 0.1737751066684723 0.620871901512146 0.03247718885540962 0.23020048439502716
0 0.42423591017723083 0.5391517877578735 0.044469259679317474 0.19753959774971008
0 0.12925758957862854 0.40893274545669556 0.02304248884320259 0.11020813137292862
0 0.32690951228141785 0.4623282551765442 0.037376370280981064 0.17053541541099548
0 0.8499352335929871 0.551158607006073 0.05078468471765518 0.22366976737976074
0 0.7937412858009338 0.5517793297767639 0.04597587510943413 0.22275526821613312
0 0.7618659734725952 0.5514073967933655 0.042250122874975204 0.22876815497875214
0 0.8921106457710266 0.5368689894676208 0.03727684170007706 0.21973028779029846
0 0.5522696375846863 0.44941359758377075 0.030545489862561226 0.11780251562595367
0 0.4529789686203003 0.40907609462738037 0.028083134442567825 0.12206996977329254
0 0.8717523813247681 0.5487164258956909 0.02663574181497097 0.2143881916999817
