0 0.6271553039550781 0.3719136118888855 0.06515216827392578 0.41641393303871155
0 0.18083098530769348 0.4973333775997162 0.12987026572227478 0.39971980452537537
0 0.5703732371330261 0.23282009363174438 0.029553858563303947 0.183982253074646
0 0.2551977038383484 0.35514137148857117 0.06256294250488281 0.35131916403770447
0 0.4117416441440582 0.26941218972206116 0.04180850833654404 0.24508540332317352
0 0.3574579358100891 0.2289029210805893 0.03145885467529297 0.15936121344566345
0 0.5620540380477905 0.23162366449832916 0.050519563257694244 0.18896721303462982
0 0.28268298506736755 0.31490135192871094 0.0474785640835762 0.2994678020477295
0 0.3265199065208435 0.22471030056476593 0.030001353472471237 0.15831358730793
0 0.4429170489311218 0.18688859045505524 0.027709007263183594 0.13760095834732056
