0 0.8307992815971375 0.4664481282234192 0.01757507398724556 0.10709457099437714
0 0.39786916971206665 0.4588278830051422 0.012892437167465687 0.07233607023954391
0 0.06806357204914093 0.566798985004425 0.028752179816365242 0.09563112258911133
0 0.7477649450302124 0.4853343367576599 0.022988129407167435 0.11092792451381683
0 0.5234074592590332 0.5277130007743835 0.016168784350156784 0.08060014247894287
0 0.7669346332550049 0.48721981048583984 0.021463394165039062 0.10210520774126053
0 0.0525892898440361 0.461058109998703 0.0141822574660182 0.06322968006134033
0 0.5257993340492249 0.38033685088157654 0.014500046148896217 0.0564863421022892
0 0.31794601678848267 0.4858992397785187 0.017576726153492928 0.07658078521490097
0 0.7319661378860474 0.4936886131763458 0.01929950714111328 0.08594191074371338
0 0.005877697840332985 0.48984968662261963 0.011598498560488224 0.07923923432826996
0 0.6774793267250061 0.4465191960334778 0.016936684027314186 0.06436493247747421
