0 0.813008725643158 0.5664694309234619 0.0157623291015625 0.08557654172182083
0 0.7862964868545532 0.5625288486480713 0.017633438110351562 0.08651512861251831
0 0.6715281009674072 0.656964898109436 0.015816116705536842 0.08911257237195969
0 0.10419254750013351 0.7160313725471497 0.01950654946267605 0.09029676765203476
0 0.5957655310630798 0.4880412817001343 0.01318283099681139 0.06650492548942566
0 0.15598420798778534 0.8336166739463806 0.02366814576089382 0.08821801096200943
0 0.08106075972318649 0.7979117631912231 0.019040798768401146 0.08588188886642456
0 0.8543800115585327 0.4515744149684906 0.01320724468678236 0.06859840452671051
0 0.039752524346113205 0.7748206257820129 0.02074946090579033 0.09319423884153366
0 0.13286329805850983 0.7145987749099731 0.024581734091043472 0.09961649775505066
0 0.8965045809745789 0.4614819288253784 0.013242530636489391 0.0612664669752121
0 0.7206419110298157 0.46506911516189575 0.018411636352539062 0.09105696529150009
