0 0.4478791356086731 0.43270593881607056 0.012075233273208141 0.06624332070350647
0 0.71956467628479 0.662377655506134 0.0209197998046875 0.08217502385377884
0 0.4732120931148529 0.5034701824188232 0.014561081305146217 0.07361721247434616
0 0.259414404630661 0.3106238543987274 0.014551718719303608 0.06129000708460808
0 0.6837066411972046 0.505236029624939 0.023523712530732155 0.06457392126321793
0 0.5775730609893799 0.5052627921104431 0.01369323767721653 0.07242346554994583
0 0.3437463045120239 0.33186498284339905 0.011180814355611801 0.059997472912073135
0 0.7939079403877258 0.4480508267879486 0.014447021298110485 0.07147417217493057
0 0.7574471235275269 0.48524215817451477 0.018331782892346382 0.07369808852672577
0 0.7271833419799805 0.4771553874015808 0.017049407586455345 0.10628009587526321
0 0.13522249460220337 0.5579414963722229 0.013647794723510742 0.07474806159734726
