0 0.6963469386100769 0.9236313700675964 0.09449577331542969 0.15044227242469788
0 0.49535617232322693 0.5000669956207275 0.013158226385712624 0.06556124985218048
0 0.19474579393863678 0.3962913751602173 0.012746763415634632 0.06308059394359589
0 0.5793264508247375 0.5502440333366394 0.011848831549286842 0.05974561721086502
0 0.9146038293838501 0.6129236221313477 0.014957046136260033 0.06386294960975647
0 0.44105008244514465 0.4453451633453369 0.013132858090102673 0.050557877868413925
0 0.13236147165298462 0.5115521550178528 0.010967468842864037 0.06298370659351349
0 0.7130845189094543 0.6331957578659058 0.01600665971636772 0.0696454644203186
0 0.21722902357578278 0.41520175337791443 0.01070561446249485 0.051580388098955154
0 0.32063987851142883 0.3677869439125061 0.012354564853012562 0.048813119530677795
