0 0.33956801891326904 0.9091508388519287 0.03425658494234085 0.17450080811977386
0 0.14948146045207977 0.6313557028770447 0.017010068520903587 0.09673427790403366
0 0.7050377130508423 0.6582449674606323 0.017815589904785156 0.09840071201324463
0 0.8801017999649048 0.8675776124000549 0.026197051629424095 0.13338012993335724
0 0.7486245632171631 0.6286709904670715 0.015020942315459251 0.09057074785232544
0 0.10410258173942566 0.5035744905471802 0.016634678468108177 0.06032935157418251
0 0.9063163995742798 0.89140784740448 0.03101196326315403 0.12449832260608673
0 0.33025556802749634 0.4588678181171417 0.012007681652903557 0.05078820139169693
0 0.7302089929580688 0.5008446574211121 0.013579368591308594 0.05379028245806694
0 0.6453997492790222 0.47387179732322693 0.01050389651209116 0.04939767345786095
0 0.5612963438034058 0.6291387677192688 0.021488508209586143 0.08598395437002182
0 0.44641542434692383 0.5397961139678955 0.015026092529296875 0.07209710031747818
0 0.3835371732711792 0.5105946660041809 0.020860958844423294 0.07779521495103836
0 0.44902563095092773 0.5235292911529541 0.02139720879495144 0.10572846233844757
0 0.34653323888778687 0.42542463541030884 0.012388992123305798 0.04240315780043602
0 0.49272584915161133 0.438416451215744 0.010203361511230469 0.04317948967218399
0 0.6214476227760315 0.48562949895858765 0.013792037963867188 0.06151255965232849
