0 0.3331791162490845 0.5524821877479553 0.02470703050494194 0.12528297305107117
0 0.011539542116224766 0.49663448333740234 0.02195121720433235 0.11435408145189285
0 0.6569902896881104 0.5241633057594299 0.023786162957549095 0.11979743093252182
0 0.2363656461238861 0.6532936096191406 0.030310440808534622 0.15184247493743896
0 0.7652005553245544 0.48960763216018677 0.018999289721250534 0.09905378520488739
0 0.4758334159851074 0.48998570442199707 0.023866653442382812 0.12646853923797607
0 0.2197915017604828 0.49080890417099 0.020896147936582565 0.11774851381778717
0 0.12068800628185272 0.5691779851913452 0.04184665530920029 0.1237655058503151
0 0.0908367782831192 0.5361313223838806 0.031186794862151146 0.14211727678775787
0 0.19529075920581818 0.4705166816711426 0.021982399746775627 0.10692229121923447
0 0.3952338397502899 0.47544488310813904 0.023093700408935547 0.11214672774076462
0 0.10759617388248444 0.4859395921230316 0.021158559247851372 0.07200495153665543
0 0.5055966377258301 0.4995700418949127 0.0216522216796875 0.11480187624692917
0 0.8655503988265991 0.35582977533340454 0.018555069342255592 0.09183623641729355
0 0.36250612139701843 0.48337358236312866 0.019792301580309868 0.11135225743055344
0 0.7850713133811951 0.36012002825737 0.017568016424775124 0.08127839863300323
0 0.37741056084632874 0.49692732095718384 0.019100476056337357 0.1141156256198883
