0 0.27010148763656616 0.9596721529960632 0.021486839279532433 0.08065575361251831
0 0.20883779227733612 0.46711891889572144 0.01484832726418972 0.07028791308403015
0 0.3709164261817932 0.47721150517463684 0.014219156466424465 0.07349596172571182
0 0.0986209586262703 0.4750002324581146 0.019781852141022682 0.09923892468214035
0 0.9319149255752563 0.6606431603431702 0.019189834594726562 0.10708985477685928
0 0.04080440104007721 0.4505370855331421 0.014240141957998276 0.06877142190933228
0 0.05634654685854912 0.4528685510158539 0.013882875442504883 0.07003442198038101
0 0.7526794672012329 0.4845695197582245 0.014888572506606579 0.03800113871693611
0 0.2514127194881439 0.45954734086990356 0.013496589846909046 0.05441403016448021
0 0.026005888357758522 0.4656160771846771 0.01644260808825493 0.07024804502725601
0 0.7015066146850586 0.46335369348526 0.012262726202607155 0.04929908365011215
