0 0.9526309967041016 0.913129448890686 0.06511230766773224 0.1737411469221115
0 0.594226062297821 0.6209046840667725 0.04312000423669815 0.19186706840991974
0 0.7410390377044678 0.4912952482700348 0.026357268914580345 0.13879705965518951
0 0.8992511630058289 0.5362250804901123 0.032773591578006744 0.1601189225912094
0 0.36891117691993713 0.4074464440345764 0.037471771240234375 0.11486239731311798
0 0.2980059087276459 0.4838755428791046 0.034112486988306046 0.12706629931926727
0 0.16017214953899384 0.46645253896713257 0.027220487594604492 0.12517578899860382
0 0.12704236805438995 0.5386016964912415 0.045258332043886185 0.15005430579185486
0 0.7828066349029541 0.48634830117225647 0.025034649297595024 0.13138306140899658
0 0.21901068091392517 0.4838886857032776 0.026030827313661575 0.14536140859127045
0 0.1150810718536377 0.44583746790885925 0.023539256304502487 0.09779558330774307
0 0.2663077414035797 0.4586324393749237 0.03338317945599556 0.12778224050998688
0 0.6359946131706238 0.3620249330997467 0.016831079497933388 0.09186692535877228
