0 0.4131261110305786 0.6707719564437866 0.01982574537396431 0.11506110429763794
0 0.5526664853096008 0.7148903608322144 0.032668303698301315 0.14583909511566162
0 0.4773273468017578 0.6552739143371582 0.02533550187945366 0.13015085458755493
0 0.720416784286499 0.5697606801986694 0.02019786834716797 0.08860592544078827
0 0.20644263923168182 0.6398969888687134 0.016166305169463158 0.09240908920764923
0 0.884424090385437 0.5993232131004333 0.014990615658462048 0.10395456850528717
0 0.7923062443733215 0.6739376783370972 0.02129383012652397 0.11226671189069748
0 0.6112276911735535 0.6332194209098816 0.020624732598662376 0.10839509963989258
0 0.77764493227005 0.6310963034629822 0.021050263196229935 0.1028052419424057
0 0.2939901351928711 0.6208580732345581 0.02019338682293892 0.1119028702378273
0 0.1075998991727829 0.5115622878074646 0.013594483956694603 0.0716315358877182
0 0.512479305267334 0.6344447135925293 0.021273041144013405 0.11066758632659912
0 0.33130714297294617 0.6197916865348816 0.014365863986313343 0.08916659653186798
0 0.7701960206031799 0.4834204912185669 0.013141250237822533 0.06748776137828827
0 0.36190858483314514 0.6251335144042969 0.02208681032061577 0.10604027658700943
0 0.39338651299476624 0.5970115065574646 0.01668367348611355 0.10269062966108322
