0 0.46584242582321167 0.5705974698066711 0.04526805877685547 0.20274098217487335
0 0.7898861169815063 0.6318944692611694 0.03404420241713524 0.1978115439414978
0 0.7375820875167847 0.44004178047180176 0.042719777673482895 0.18211005628108978
0 0.9714065790176392 0.3554234802722931 0.034757234156131744 0.1587158441543579
0 0.1857067495584488 0.6980999708175659 0.04793190956115723 0.19293805956840515
0 0.6105802655220032 0.7320946455001831 0.06404991447925568 0.19343091547489166
0 0.13456805050373077 0.7416644096374512 0.03501562401652336 0.19665849208831787
0 0.5481759309768677 0.37055015563964844 0.03038196638226509 0.152252197265625
0 0.6516600251197815 0.3972378075122833 0.026267560198903084 0.15110933780670166
0 0.5802627801895142 0.6332171559333801 0.059275247156620026 0.15928395092487335
0 0.3816763460636139 0.42152321338653564 0.028914356604218483 0.17184142768383026
0 0.6296710968017578 0.43378251791000366 0.030350495129823685 0.14825300872325897
0 0.4730261564254761 0.44653233885765076 0.028797436505556107 0.11138446629047394
0 0.5685319900512695 0.39908367395401 0.028046036139130592 0.15467657148838043
0 0.1860910803079605 0.2850467264652252 0.029085397720336914 0.10250823199748993
0 0.5900694727897644 0.5042882561683655 0.030929438769817352 0.1231977641582489
