0 0.7049502730369568 0.6838172078132629 0.019187672063708305 0.10076706856489182
0 0.28306910395622253 0.6272512078285217 0.019001293927431107 0.09789445996284485
0 0.5831466913223267 0.8008145093917847 0.020462607964873314 0.10774298757314682
0 0.5830677151679993 0.6169068813323975 0.01813030242919922 0.09096815437078476
0 0.9721139073371887 0.732717752456665 0.02456226386129856 0.1054602712392807
0 0.22175554931163788 0.6016072630882263 0.015725040808320045 0.09719628095626831
0 0.4865225553512573 0.6754653453826904 0.019896412268280983 0.09204084426164627
0 0.4250549376010895 0.6701194643974304 0.025658130645751953 0.08799947053194046
0 0.834516167640686 0.5918220281600952 0.018993759527802467 0.08246245235204697
0 0.4416934847831726 0.5742560029029846 0.014308357611298561 0.07731221616268158
0 0.38761913776397705 0.6830056309700012 0.01981182023882866 0.08874070644378662
0 0.41468748450279236 0.5796264410018921 0.02117156982421875 0.0786057636141777
0 0.4695642590522766 0.6701856851577759 0.025889109820127487 0.0928175151348114
0 0.35764917731285095 0.6816018223762512 0.017836252227425575 0.10405205935239792
