0 0.21582216024398804 0.5155792236328125 0.041136980056762695 0.15119202435016632
0 0.29635918140411377 0.481366366147995 0.03159027174115181 0.13360145688056946
0 0.9310972094535828 0.40176060795783997 0.02639160118997097 0.10703922063112259
0 0.6778262257575989 0.40308794379234314 0.025986481457948685 0.11057213693857193
0 0.0640532523393631 0.4044857919216156 0.023090172559022903 0.08883607387542725
0 0.47828513383865356 0.35187506675720215 0.018182944506406784 0.08166910707950592
0 0.1718229502439499 0.40122631192207336 0.020544910803437233 0.0997772216796875
0 0.267934113740921 0.39697468280792236 0.02184327505528927 0.09870588779449463
0 0.745223879814148 0.7518517374992371 0.11845684051513672 0.2403944730758667
0 0.7239990830421448 0.753982663154602 0.07627830654382706 0.23603622615337372
0 0.7245022058486938 0.32662996649742126 0.01692117005586624 0.06453772634267807
0 0.8303565979003906 0.37664562463760376 0.02247314527630806 0.07542258501052856
