0 0.47611457109451294 0.6091654300689697 0.030404280871152878 0.10052190721035004
0 0.734923243522644 0.7267722487449646 0.026359176263213158 0.1135152205824852
0 0.804776132106781 0.6929900050163269 0.024097632616758347 0.11477440595626831
0 0.18787015974521637 0.6179279088973999 0.022645600140094757 0.09860636293888092
0 0.5844563841819763 0.527854323387146 0.017712974920868874 0.09378255158662796
0 0.024416552856564522 0.7089812159538269 0.023874478414654732 0.11182030290365219
0 0.27107372879981995 0.525492787361145 0.018538285046815872 0.10270944982767105
0 0.30779343843460083 0.48994049429893494 0.022196482867002487 0.1032024547457695
0 0.8345922827720642 0.39605051279067993 0.016176413744688034 0.08051639050245285
0 0.32808858156204224 0.5012482404708862 0.020348548889160156 0.11372169107198715
0 0.16303592920303345 0.46435683965682983 0.0195881687104702 0.10027126967906952
0 0.3593772351741791 0.49382156133651733 0.01950855180621147 0.106047622859478
0 0.2144337147474289 0.5468714833259583 0.023587798699736595 0.09524202346801758
0 0.38132238388061523 0.4878123104572296 0.027382660657167435 0.11889628320932388
0 0.4041305482387543 0.5094844102859497 0.018520737066864967 0.09341156482696533
