0 0.09490177035331726 0.4416770935058594 0.06008289009332657 0.14893680810928345
0 0.5204585790634155 0.5223854184150696 0.04563557356595993 0.18521377444267273
0 0.35326480865478516 0.4836059510707855 0.05582437664270401 0.15015806257724762
0 0.2975168824195862 0.43753331899642944 0.04806124418973923 0.1642427295446396
0 0.146526038646698 0.39490199089050293 0.038225237280130386 0.10929709672927856
0 0.8041262030601501 0.46449217200279236 0.03187370300292969 0.14882877469062805
0 0.5327712297439575 0.43242111802101135 0.04054085537791252 0.10747121274471283
0 0.46053409576416016 0.5286807417869568 0.044386863708496094 0.177022784948349
0 0.26003363728523254 0.4842294156551361 0.044662270694971085 0.15190155804157257
0 0.18893912434577942 0.4531004726886749 0.03505406528711319 0.1419120579957962
