0 0.3315649628639221 0.6775087714195251 0.02684793435037136 0.13320815563201904
0 0.5810983180999756 0.6712512373924255 0.02452869340777397 0.12268880009651184
0 0.5515820980072021 0.6005114912986755 0.021645735949277878 0.10896097868680954
0 0.21865740418434143 0.6174280643463135 0.025532245635986328 0.1171366348862648
0 0.11747566610574722 0.4833506941795349 0.022896457463502884 0.09713058173656464
0 0.4983495771884918 0.5116550922393799 0.020521163940429688 0.10655195266008377
0 0.6640293002128601 0.6130004525184631 0.024559784680604935 0.1333242952823639
0 0.8895789980888367 0.5791448354721069 0.019220924004912376 0.11279415339231491
0 0.604415237903595 0.5582916140556335 0.021180534735322 0.10944615304470062
0 0.24686041474342346 0.5030626058578491 0.016137028113007545 0.11222025752067566
0 0.5231464505195618 0.5122872591018677 0.019623374566435814 0.09685855358839035
0 0.7295160889625549 0.5678149461746216 0.024068642407655716 0.16205918788909912
0 0.8246952295303345 0.535402774810791 0.016477584838867188 0.10905270278453827
0 0.7901937961578369 0.5793537497520447 0.019477462396025658 0.1015760600566864
0 0.6930399537086487 0.5307982563972473 0.020079676061868668 0.11482331901788712
0 0.39293205738067627 0.32878345251083374 0.01517502497881651 0.06624247133731842
