0 0.7653660178184509 0.5200091004371643 0.026291020214557648 0.13018354773521423
0 0.5531216263771057 0.4999820291996002 0.020028050988912582 0.11295700073242188
0 0.6200091242790222 0.46125340461730957 0.020418548956513405 0.09885047376155853
0 0.4554503560066223 0.48487281799316406 0.02096233330667019 0.11886763572692871
0 0.405470073223114 0.5057826042175293 0.03514919430017471 0.1364005208015442
0 0.30727437138557434 0.48953914642333984 0.02346773073077202 0.13267505168914795
0 0.37697556614875793 0.49514979124069214 0.03105885162949562 0.13526777923107147
0 0.18755050003528595 0.47962749004364014 0.017658423632383347 0.10086344927549362
0 0.8060590624809265 0.45017990469932556 0.01407470740377903 0.0672869086265564
0 0.8251449465751648 0.4308394491672516 0.016419220715761185 0.07728441059589386
0 0.2882845997810364 0.48168912529945374 0.02141132391989231 0.12439420074224472
0 0.26066598296165466 0.4682435691356659 0.01588652841746807 0.1166200116276741
0 0.979348361492157 0.4515959918498993 0.01698913611471653 0.08597157895565033
0 0.266868531703949 0.46990153193473816 0.021903974935412407 0.1173575222492218
