0 0.43450337648391724 0.9091880321502686 0.037505052983760834 0.1617657095193863
0 0.3279745876789093 0.6847646236419678 0.026004314422607422 0.127577543258667
0 0.11298475414514542 0.6307305097579956 0.03035602532327175 0.12731407582759857
0 0.13255232572555542 0.49803173542022705 0.029773585498332977 0.10380025953054428
0 0.49176979064941406 0.6779941320419312 0.02532787248492241 0.13123270869255066
0 0.8616687655448914 0.5728024244308472 0.030130958184599876 0.1256556212902069
0 0.3867920935153961 0.4712032973766327 0.02259502373635769 0.11211146414279938
0 0.46671122312545776 0.397734135389328 0.02534923516213894 0.10023710131645203
0 0.6058431267738342 0.3487207591533661 0.02004260942339897 0.09493942558765411
0 0.7306135296821594 0.3615601062774658 0.022723769769072533 0.09101706743240356
