0 0.6704034209251404 0.7199867963790894 0.014293479733169079 0.0802764892578125
0 0.9269542694091797 0.6016594767570496 0.015100860968232155 0.06562737375497818
0 0.24752359092235565 0.6212920546531677 0.013954448513686657 0.06424820423126221
0 0.5304633378982544 0.8838065266609192 0.026126353070139885 0.07438117265701294
0 0.29596146941185 0.4932895302772522 0.012295722961425781 0.05778232216835022
0 0.2839483916759491 0.6167494058609009 0.0161419864743948 0.06774648278951645
0 0.7926636934280396 0.3831441104412079 0.015052923001348972 0.05150756984949112
0 0.3185777962207794 0.4821144938468933 0.013344892300665379 0.05943990498781204
0 0.5017662048339844 0.33725711703300476 0.014356422238051891 0.07339175045490265
0 0.4653269648551941 0.6401746273040771 0.018287276849150658 0.06728515774011612
0 0.5551761984825134 0.395405650138855 0.013780975714325905 0.05543551966547966
0 0.16521501541137695 0.6742541193962097 0.020901966840028763 0.07105967402458191
0 0.5906528830528259 0.507397472858429 0.017793655395507812 0.08132541924715042
0 0.4297007620334625 0.4048517048358917 0.012218666262924671 0.05422041192650795
0 0.6710711121559143 0.3408016562461853 0.009879429824650288 0.04512501507997513
0 0.10786158591508865 0.6467678546905518 0.017330510541796684 0.07270660251379013
0 0.5577672719955444 0.2899375259876251 0.0102081298828125 0.042529523372650146
