0 0.2217596471309662 0.5003646016120911 0.02263631857931614 0.05899028107523918
0 0.1341400146484375 0.5267709493637085 0.021337127313017845 0.06944268941879272
0 0.9652807116508484 0.5272960662841797 0.017228316515684128 0.07681596279144287
0 0.1035587340593338 0.5046424865722656 0.0190106388181448 0.07121460884809494
0 0.04484366625547409 0.6307407021522522 0.020129645243287086 0.07637413591146469
0 0.2055494785308838 0.44972360134124756 0.01359338779002428 0.04911038279533386
0 0.04720933362841606 0.49536144733428955 0.013135978020727634 0.07119689136743546
0 0.16174694895744324 0.48031362891197205 0.018070746213197708 0.06569600850343704
0 0.8275379538536072 0.4696676731109619 0.013233184814453125 0.061494361609220505
0 0.31370460987091064 0.4553375840187073 0.014470577239990234 0.05653208866715431
