0 0.6485064029693604 0.5382254719734192 0.02858600579202175 0.13312256336212158
0 0.4829525649547577 0.4872785806655884 0.02609243430197239 0.12896335124969482
0 0.4396180212497711 0.5054136514663696 0.027945328503847122 0.15321680903434753
0 0.3452509641647339 0.44992947578430176 0.025959301739931107 0.1384354531764984
0 0.3069252669811249 0.49048444628715515 0.019395161420106888 0.13014763593673706
0 0.1374640166759491 0.5189138054847717 0.018771903589367867 0.13742506504058838
0 0.39492619037628174 0.5834365487098694 0.0355534553527832 0.15099063515663147
0 0.4993683397769928 0.4366697072982788 0.01987428590655327 0.12042447924613953
0 0.4384847581386566 0.38324442505836487 0.019491195678710938 0.1088881567120552
0 0.4077335298061371 0.4705903232097626 0.025464152917265892 0.131206676363945
0 0.23694506287574768 0.5723746418952942 0.02919168397784233 0.14306776225566864
0 0.2097923755645752 0.5466123223304749 0.02463502809405327 0.12767057120800018
0 0.8410901427268982 0.2638740837574005 0.0327390655875206 0.08377870917320251
