0 0.7061248421669006 0.51877760887146 0.038775887340307236 0.18379633128643036
0 0.25022250413894653 0.672734797000885 0.06955375522375107 0.24206899106502533
0 0.8870981335639954 0.5167862176895142 0.035372544080019 0.18742439150810242
0 0.6473758816719055 0.6284283399581909 0.03513507917523384 0.26136672496795654
0 0.4581766128540039 0.42624369263648987 0.02896289899945259 0.17562229931354523
0 0.31288623809814453 0.5243215560913086 0.031814925372600555 0.19556231796741486
0 0.933062732219696 0.5055848360061646 0.0432245247066021 0.18918126821517944
0 0.1750839799642563 0.4557178318500519 0.03392849117517471 0.18577931821346283
0 0.6183727383613586 0.4563569724559784 0.04080486297607422 0.16884493827819824
0 0.056667592376470566 0.3007398843765259 0.024760253727436066 0.08484327793121338
0 0.5583733916282654 0.4033246338367462 0.03188565745949745 0.1495908945798874
