0 0.5643352270126343 0.9120351076126099 0.07182560116052628 0.15990261733531952
0 0.5923805832862854 0.5887286067008972 0.015423457138240337 0.07546539604663849
0 0.6305075287818909 0.4236971437931061 0.018225669860839844 0.0593465156853199
0 0.6980602145195007 0.9258466958999634 0.10197563469409943 0.14558851718902588
0 0.6184046864509583 0.8570011258125305 0.05228106305003166 0.17431505024433136
0 0.24657322466373444 0.35242652893066406 0.01604900322854519 0.057708825916051865
0 0.5471335053443909 0.5421996712684631 0.014620399102568626 0.06702858209609985
0 0.2913375198841095 0.3313950300216675 0.018474768847227097 0.06781751662492752
0 0.10274533927440643 0.4615342915058136 0.015013528056442738 0.0617167167365551
0 0.4710886776447296 0.33032089471817017 0.01516256295144558 0.05142825096845627
0 0.20188948512077332 0.37257686257362366 0.014133262448012829 0.054143354296684265
0 0.9431602358818054 0.5860532522201538 0.013827705755829811 0.07073415070772171
