0 0.30236271023750305 0.5019188523292542 0.01718893088400364 0.08640814572572708
0 0.5195252895355225 0.5120168328285217 0.01879262924194336 0.092156782746315
0 0.4212838113307953 0.5093976259231567 0.01406707800924778 0.08770036697387695
0 0.5798455476760864 0.5314176082611084 0.02158883400261402 0.11349640041589737
0 0.7927743196487427 0.5034275650978088 0.020746802911162376 0.09466603398323059
0 0.8308563232421875 0.5105940103530884 0.021685410290956497 0.09247606247663498
0 0.5601397156715393 0.5355693697929382 0.030285071581602097 0.10604101419448853
0 0.6947063207626343 0.5183377861976624 0.018918801099061966 0.11136958003044128
0 0.02948029898107052 0.5650880932807922 0.025357970967888832 0.1772884726524353
0 0.6092870831489563 0.5026296973228455 0.02008514478802681 0.09787368774414062
0 0.647894561290741 0.5080766677856445 0.01976928673684597 0.08770378679037094
0 0.673646092414856 0.5076313018798828 0.0185724887996912 0.09466086328029633
