0 0.4790419042110443 0.7125905156135559 0.03023967705667019 0.15345442295074463
0 0.6426831483840942 0.6651853322982788 0.027832603082060814 0.13889583945274353
0 0.1625746786594391 0.6910760998725891 0.02289261855185032 0.1336325705051422
0 0.5377362370491028 0.5784209370613098 0.02438131906092167 0.13849352300167084
0 0.10349874198436737 0.29357466101646423 0.021552562713623047 0.0998816043138504
0 0.7105169892311096 0.5276663303375244 0.0270233154296875 0.1133444607257843
0 0.39984995126724243 0.5067213177680969 0.028303273022174835 0.11252272129058838
0 0.835453987121582 0.6511315703392029 0.042350005358457565 0.14468282461166382
0 0.13015146553516388 0.5699377059936523 0.02020515687763691 0.13597066700458527
0 0.6797545552253723 0.7031280994415283 0.027180353179574013 0.14847208559513092
0 0.9352973699569702 0.38937196135520935 0.021394919604063034 0.09909659624099731
0 0.36744165420532227 0.6345438361167908 0.01831989362835884 0.13546793162822723
0 0.7671710848808289 0.5227695107460022 0.0199724193662405 0.13606955111026764
0 0.7087880969047546 0.6869903802871704 0.033840179443359375 0.14453226327896118
0 0.5732191801071167 0.5567489266395569 0.02460308000445366 0.1762339323759079
0 0.6824697256088257 0.5220418572425842 0.022159576416015625 0.12962527573108673
