0 0.5808792114257812 0.7923463582992554 0.03226165845990181 0.14851278066635132
0 0.7309682369232178 0.7644277811050415 0.035097312182188034 0.12959204614162445
0 0.7853376865386963 0.6484652161598206 0.016532134264707565 0.11692945659160614
0 0.80511075258255 0.7956733107566833 0.028944015502929688 0.13238389790058136
0 0.4772122800350189 0.7880582809448242 0.034250449389219284 0.1118316650390625
0 0.3694225549697876 0.7099229693412781 0.023844147101044655 0.12563323974609375
0 0.50828617811203 0.7043542861938477 0.023067474365234375 0.11899159848690033
0 0.2100982666015625 0.5923823118209839 0.016254901885986328 0.1089528426527977
0 0.43602150678634644 0.7687691450119019 0.02061157301068306 0.11038920283317566
0 0.257050096988678 0.6051295399665833 0.020986080169677734 0.09918195754289627
0 0.9492589235305786 0.6669194102287292 0.031987570226192474 0.09300141781568527
0 0.2839198410511017 0.6018608808517456 0.02272062376141548 0.09958004206418991
0 0.40333399176597595 0.7238810062408447 0.02518920972943306 0.13536037504673004
0 0.3506917953491211 0.6205393671989441 0.017787456512451172 0.1078752875328064
0 0.7551540732383728 0.3246787488460541 0.01684875413775444 0.08375091850757599
0 0.3777754604816437 0.6282519102096558 0.01693948172032833 0.07962764799594879
