0 0.6275041103363037 0.6070191264152527 0.017015712335705757 0.07688621431589127
0 0.3234907388687134 0.5375551581382751 0.014111900702118874 0.07154303789138794
0 0.5597559809684753 0.515803337097168 0.012792396359145641 0.06202138215303421
0 0.49668657779693604 0.742504358291626 0.015461921691894531 0.08249375969171524
0 0.4851853549480438 0.5507106781005859 0.014715289697051048 0.07050397247076035
0 0.24270658195018768 0.5988903045654297 0.015317154116928577 0.07020998001098633
0 0.4326740503311157 0.6233015060424805 0.0269914623349905 0.11153683066368103
0 0.9331079721450806 0.4633060097694397 0.011260986328125 0.06308695673942566
0 0.7805588841438293 0.5141093134880066 0.02462329901754856 0.06498141586780548
0 0.9627841711044312 0.5392797589302063 0.016481399536132812 0.06788420677185059
