0 0.8912550210952759 0.5118163228034973 0.023230362683534622 0.08917855471372604
0 0.774466335773468 0.6559828519821167 0.022255515679717064 0.10115424543619156
0 0.583065927028656 0.6414133310317993 0.0162480678409338 0.09470531344413757
0 0.5736367702484131 0.7911959886550903 0.019715309143066406 0.11352267861366272
0 0.37484511733055115 0.7093702554702759 0.031772010028362274 0.09839409589767456
0 0.30422496795654297 0.6317196488380432 0.01885986328125 0.0968424454331398
0 0.6114664673805237 0.5227723121643066 0.017549514770507812 0.08137732744216919
0 0.44893312454223633 0.7107927203178406 0.03133106231689453 0.10186835378408432
0 0.28449490666389465 0.6820587515830994 0.037066299468278885 0.09701266884803772
0 0.7238942980766296 0.6132067441940308 0.016727065667510033 0.09484913945198059
0 0.47265052795410156 0.6314839720726013 0.015735626220703125 0.08417205512523651
0 0.3562661409378052 0.7025740146636963 0.022023295983672142 0.09388258308172226
