0 0.7369612455368042 0.9607113599777222 0.046328164637088776 0.07753866910934448
0 0.8257625699043274 0.45917758345603943 0.034192658960819244 0.08063286542892456
0 0.43654710054397583 0.9593179225921631 0.027945613488554955 0.07879706472158432
0 0.9352521896362305 0.9175304174423218 0.04996604844927788 0.16401496529579163
0 0.89690762758255 0.9422815442085266 0.04629020765423775 0.11183217167854309
0 0.7949718832969666 0.9246044158935547 0.04477996751666069 0.1507912576198578
0 0.4462658762931824 0.545728325843811 0.024222945794463158 0.08960384875535965
0 0.21713361144065857 0.42152735590934753 0.013759136199951172 0.0620218925178051
0 0.37265732884407043 0.8903664350509644 0.05082864686846733 0.1576826274394989
0 0.6627013087272644 0.9503615498542786 0.03400611877441406 0.09728523343801498
