0 0.06727002561092377 0.9162862300872803 0.039318252354860306 0.16118893027305603
0 0.5320639610290527 0.865816056728363 0.03827686235308647 0.15513034164905548
0 0.24328047037124634 0.8713265061378479 0.028206396847963333 0.15109829604625702
0 0.7202897667884827 0.3965849280357361 0.022624779492616653 0.09745822846889496
0 0.7879247665405273 0.9393949508666992 0.031002044677734375 0.12121005356311798
0 0.2458915263414383 0.6183189153671265 0.026979733258485794 0.11641930788755417
0 0.7311035394668579 0.6649084091186523 0.02291851118206978 0.12878593802452087
0 0.5666064620018005 0.4857311248779297 0.030234018340706825 0.1053280308842659
0 0.307783305644989 0.3882712423801422 0.018895912915468216 0.09762522578239441
0 0.4260624945163727 0.5049976706504822 0.019239043816924095 0.11506921052932739
0 0.5343837141990662 0.5518448352813721 0.024558035656809807 0.11365119367837906
0 0.4692319929599762 0.5167012810707092 0.019951438531279564 0.11138619482517242
0 0.32441920042037964 0.5136714577674866 0.027248604223132133 0.12711983919143677
0 0.22715546190738678 0.38834524154663086 0.02240896224975586 0.08797929435968399
0 0.38115575909614563 0.4151839315891266 0.016910362988710403 0.09702504426240921
0 0.5114521384239197 0.4524630308151245 0.031623173505067825 0.10086551308631897
0 0.21401630342006683 0.48405545949935913 0.028638839721679688 0.1019560918211937
0 0.49568888545036316 0.4372577667236328 0.018464375287294388 0.08728194236755371
