0 0.7983426451683044 0.42519089579582214 0.02435283735394478 0.11064433306455612
0 0.6732199192047119 0.4363318979740143 0.02250041998922825 0.09880650788545609
0 0.5257537364959717 0.5089417695999146 0.02624146081507206 0.12415039539337158
0 0.19302929937839508 0.4559238851070404 0.022727521136403084 0.11049550026655197
0 0.4949255883693695 0.43339550495147705 0.01653900183737278 0.11172256618738174
0 0.1649704873561859 0.45660752058029175 0.022030910477042198 0.10481440275907516
0 0.3280428946018219 0.5222505927085876 0.027120018377900124 0.11445193737745285
0 0.3620157241821289 0.5038647651672363 0.02141427993774414 0.1419128179550171
0 0.4722660183906555 0.43724584579467773 0.018338393419981003 0.1108911857008934
0 0.403263658285141 0.45708271861076355 0.02398052252829075 0.11314273625612259
0 0.7667233347892761 0.3833088278770447 0.021652856841683388 0.09812995046377182
0 0.43896913528442383 0.47788944840431213 0.023737717419862747 0.11483476310968399
