0 0.38675588369369507 0.3325907289981842 0.022269535809755325 0.115990050137043
0 0.3241872787475586 0.3005060851573944 0.022430896759033203 0.09743824601173401
0 0.5334395170211792 0.3712531626224518 0.026590315625071526 0.12480369955301285
0 0.6923386454582214 0.39562487602233887 0.025583012029528618 0.12897762656211853
0 0.56024169921875 0.3118872344493866 0.02228107489645481 0.10811112076044083
0 0.9296098947525024 0.2995886206626892 0.019461441785097122 0.10906101018190384
0 0.7667682766914368 0.19444575905799866 0.0310834888368845 0.09698545932769775
0 0.433351993560791 0.29247379302978516 0.026131819933652878 0.11755074560642242
0 0.6276082396507263 0.32725611329078674 0.02533486671745777 0.12223866581916809
0 0.6079187989234924 0.3242696225643158 0.026711082085967064 0.12287283688783646
0 0.5037930607795715 0.3702077269554138 0.028966521844267845 0.12761026620864868
0 0.5102107524871826 0.2700890600681305 0.017634201794862747 0.09160253405570984
0 0.6975523829460144 0.16663981974124908 0.015178235247731209 0.06926655024290085
0 0.4871599078178406 0.352812796831131 0.022512149065732956 0.11569467931985855
