0 0.026149829849600792 0.5378202199935913 0.04911449924111366 0.14962197840213776
0 0.3829759657382965 0.6253804564476013 0.05551443248987198 0.1772059053182602
0 0.8996127843856812 0.5527510643005371 0.028805160894989967 0.13514065742492676
0 0.40061619877815247 0.4735254943370819 0.025576209649443626 0.12766817212104797
0 0.9284905791282654 0.5334380269050598 0.024267006665468216 0.13265880942344666
0 0.0658973678946495 0.4679681658744812 0.026494642719626427 0.11710527539253235
0 0.7696616053581238 0.4689485430717468 0.02459430694580078 0.12664183974266052
0 0.10536526143550873 0.5809394121170044 0.05509014055132866 0.16786956787109375
0 0.7081288695335388 0.38475775718688965 0.022953223437070847 0.09871139377355576
0 0.5332765579223633 0.44585731625556946 0.028273168951272964 0.10775061696767807
0 0.5621446967124939 0.44371750950813293 0.01898345910012722 0.10895179212093353
0 0.3547992706298828 0.5379855632781982 0.027779197320342064 0.14331543445587158
0 0.622780442237854 0.40939781069755554 0.016730498522520065 0.10635002702474594
0 0.43068045377731323 0.4732673764228821 0.03610382229089737 0.11915198713541031
0 0.4628020226955414 0.4202779233455658 0.024216651916503906 0.1015726700425148
0 0.42338237166404724 0.3542046546936035 0.013265800662338734 0.0675269216299057
