0 0.6274871826171875 0.6505593657493591 0.01628723181784153 0.07492794096469879
0 0.5953763127326965 0.5700326561927795 0.013183784671127796 0.06074405089020729
0 0.3550795912742615 0.5748941898345947 0.012998263351619244 0.06705011427402496
0 0.1348598301410675 0.6003530025482178 0.017964331433176994 0.06857571005821228
0 0.6604592800140381 0.6210535168647766 0.013890012167394161 0.06860944628715515
0 0.4233819246292114 0.41582420468330383 0.013166713528335094 0.054849497973918915
0 0.4860353469848633 0.5553386211395264 0.015715789049863815 0.0718858540058136
0 0.5364458560943604 0.5524945259094238 0.01922321319580078 0.11058095097541809
0 0.279439240694046 0.41941291093826294 0.012456702999770641 0.05279761552810669
0 0.5785866379737854 0.5167981386184692 0.01183929480612278 0.05929294228553772
