0 0.2658170163631439 0.708803653717041 0.03543424606323242 0.12369062751531601
0 0.3562590777873993 0.6205744743347168 0.03851922228932381 0.10793592780828476
0 0.5396167635917664 0.6656281352043152 0.02847687341272831 0.10151384025812149
0 0.5655438899993896 0.5208166837692261 0.029619406908750534 0.10580772161483765
0 0.4512121081352234 0.6357022523880005 0.02426729165017605 0.0830400288105011
0 0.2977968156337738 0.6113253831863403 0.030599307268857956 0.09749767184257507
0 0.5475030541419983 0.36114585399627686 0.018405914306640625 0.0779469832777977
0 0.7428942322731018 0.5511647462844849 0.020166968926787376 0.10454581677913666
0 0.7261847257614136 0.37656834721565247 0.017543982714414597 0.08900485932826996
0 0.18818458914756775 0.37449222803115845 0.015172099694609642 0.07452917844057083
0 0.8456422686576843 0.45662474632263184 0.019681166857481003 0.09166731685400009
0 0.42443668842315674 0.5958510637283325 0.02736978605389595 0.08548702299594879
0 0.6619428992271423 0.40616798400878906 0.022344017401337624 0.0812510997056961
0 0.8151046633720398 0.3676877021789551 0.020454024896025658 0.07851113379001617
0 0.6124445796012878 0.4577963948249817 0.01695995405316353 0.0861380398273468
0 0.9803078770637512 0.453086256980896 0.020310020074248314 0.09451175481081009
0 0.8100336194038391 0.36675184965133667 0.027396773919463158 0.08080783486366272
0 0.8038302063941956 0.36547353863716125 0.016384506598114967 0.07772666215896606
